(0, 0)	A	C	D	E	F	G	H	I	K	L	M	N	P	Q	R	S	T	V	W	Y
A	1.1836521033211802	1.335655828967594	0.8382795522828772	0.6640921628263358	0.9623763910130883	1.0006438012840662	0.9339806027419515	1.0936237199059968	0.665823350156692	1.153434509129017	0.9738909730423009	0.7360705205702607	0.5522024037138996	0.8402180348922027	0.8089203735395127	0.7759582581829463	0.8618969152186863	1.2862662943249934	1.2235225769197153	0.999239165279225
C	1.335655828967594	2.0596503744478136	0.7060451790555108	0.6075937858419692	1.2025389361218035	1.052310414653734	0.9160134706668014	0.7851783613033015	1.5341415999551915	1.0037423807950663	1.1045711230827175	0.6687162112524542	2.4811382553339305	0.6890610204790607	0.6921796156148496	1.6571626339966221	0.5733908485488175	0.9154290500567734	0.9890556949957995	0.9037616223486258
D	0.8382795522828772	0.7060451790555108	1.4626622005360264	1.038159718189488	0.5356026115138466	0.9852434227029307	1.126545376462842	0.6320736712235308	1.813735014745582	0.5609728826460603	0.635825450160437	1.5957568335852033	0.8920199153725963	1.261882433798572	1.8568241373507637	1.2774464275658592	1.8413079871613753	0.7665226137740855	0.5494408909570754	0.6185238857677376
E	0.6640921628263358	0.6075937858419692	1.038159718189488	0.8349312390324891	0.5555409490584895	0.5558350915158806	1.1893937691727532	0.7241326289795113	2.5978754944998723	0.6048628087128695	0.5587770457547703	1.674146282230342	0.4816778445253292	1.0136405625356801	3.1446033864568905	0.9821341615918232	1.2365461172832908	0.7800417697486919	0.615120483638783	0.6524286341377701
F	0.9626699774655023	1.2025389361218035	0.5356026115138466	0.5563357143647248	1.5068406001000727	1.3844563226603748	0.8372533619991728	1.2026074029529268	0.5675518847340695	1.1129803141086059	1.081317426162933	0.7319235729637773	1.9837887097990365	0.6817848396556496	0.6590856638963027	0.6865344475223796	0.6445869417311961	1.2114191770474054	1.227829881517077	1.2511359244900333
G	1.0006438012840662	1.052310414653734	0.9852434227029307	0.5558350915158806	1.3844563226603748	1.142279620089375	0.8741942903445411	1.0189463702172874	0.4550987076052783	0.9926998188610524	0.8989223576089643	1.175058753180468	1.1401584151974498	0.6241220245632897	0.6044658103926677	0.8179535021273954	1.001816450089918	1.2508106513586557	1.7351841197105413	1.1793811601103492
H	0.9339806027419515	0.9160134706668014	1.126545376462842	1.1893937691727532	0.8372533619991728	0.8741942903445411	1.6759806456430721	0.8565456021460234	0.8975981297285825	0.7050790750546675	0.9669276762948463	1.1270270896281798	0.7694897151020877	0.9136070858829403	1.0986726408545597	1.355106453935058	1.4820183495984158	0.9321828631903899	1.231287073736516	0.8515579358953117
I	1.0934181128896578	0.7851783613033015	0.6320736712235308	0.7241326289795113	1.2028218479249226	1.0189463702172874	0.8565456021460234	1.4653254504517619	0.8078716856315928	1.3078696743803353	1.413813328845974	0.5883711987429209	0.6005379242957636	0.7298752940049099	0.7320718730813008	0.6303182305919296	0.7419563702768489	1.006487098379909	1.1890698119517051	1.0872763454669263
K	0.665823350156692	1.5341415999551915	1.813735014745582	2.602865651039442	0.5675518847340695	0.4550987076052783	0.8975981297285825	0.8084102667553472	1.2443395238481536	0.7159748076310869	0.8909107413090415	0.9351672042248651	0.2732234066540868	1.544394814746633	0.799949023532524	1.479265593773214	1.2354478955219659	0.8194692931579253	0.6620323364724673	0.810208887187213
L	1.153434509129017	1.0037423807950663	0.5609728826460603	0.6048628087128695	1.1133546768109632	0.9926998188610524	0.7050790750546675	1.3077385859094142	0.7162098617373347	1.4585428527536834	1.3279830386142024	0.47971227419659607	0.7354280654098899	0.7812674776405742	0.7033488085807629	0.640037711296251	0.6628571491727168	1.212164521766564	1.1137961108196066	1.0198746647741084
M	0.9738909730423009	1.1045711230827175	0.635825450160437	0.5587770457547703	1.081317426162933	0.8989223576089643	0.9669276762948463	1.413813328845974	0.8909107413090415	1.3279830386142024	1.7231357726930394	0.5554944369201754	0.8589343805328711	0.9316903285615796	0.7260094843564313	0.8076324163208204	0.7073295830116901	1.1234101897465947	1.0171843139863086	0.8761579908821573
N	0.7360705205702607	0.6687162112524542	1.5957568335852033	1.674146282230342	0.7319235729637773	1.175058753180468	1.1270270896281798	0.5883711987429209	0.9351672042248651	0.47971227419659607	0.5554944369201754	2.010606330706629	1.2464945472428344	1.3078966386496043	0.9326178679954648	1.9625815663119064	1.9226423037382137	0.6265537135884764	0.8911732454960875	0.7902029089539525
P	0.5522024037138996	2.5211566142909296	0.8920199153725963	0.4816778445253292	2.111775078173168	1.1697729194882927	0.8029457896717437	0.6005379242957636	0.2732234066540868	0.7667228767039278	0.8589343805328711	1.2464945472428344		0.28784713632103504	0.3558767910855025	1.8103896045796526	1.0292483547233688	0.8065092963533641	2.018208375306222	2.011318805858809
Q	0.8402180348922027	0.6890610204790607	1.2631727021357892	1.0136405625356801	0.6817848396556496	0.6241220245632897	0.9136070858829403	0.7298752940049099	1.544394814746633	0.7812674776405742	0.9316903285615796	1.3078966386496043	0.28784713632103504	1.3079207361291056	1.606637497622117	1.4362782432743306	1.5300634034468363	0.9147046925019121	0.7572180607647049	0.7019226459086216
R	0.8089203735395127	0.6921796156148496	1.8568241373507637	3.1441011338795932	0.6590856638963027	0.6044658103926677	1.0986726408545597	0.7320718730813008	0.799949023532524	0.7033488085807629	0.7260094843564313	0.9326178679954648	0.3558767910855025	1.606637497622117	0.9900360172161142	1.1457419220595453	1.1061537147030736	0.8368871000886897	0.9054570114687873	0.8726829540274661
S	0.7759582581829463	1.6571626339966221	1.2774464275658592	0.9821341615918232	0.6861933971261935	0.8179535021273954	1.355106453935058	0.6303182305919296	1.479265593773214	0.6402461926354355	0.8076324163208204	1.9625815663119064	1.8103896045796526	1.4362782432743306	1.1461729762062947	1.7891389711513066	1.4019931082749415	0.7145478507506444	0.8560898915232862	0.8388544459697269
T	0.8618969152186863	0.5733908485488175	1.8413079871613753	1.2365461172832908	0.6448766437274799	1.001816450089918	1.4820183495984158	0.7395217308337748	1.234720305477489	0.6628571491727168	0.7073295830116901	1.9226423037382137	1.0292483547233688	1.530606364200366	1.1057875598819207	1.3987664267829392	1.2851956893742913	0.7328336946705011	0.5715025471578293	1.0617966177950937
V	1.2865444961838286	0.9154290500567734	0.7665226137740855	0.7802300492007191	1.2114191770474054	1.2509785003456872	0.9321828631903899	1.0063854945944881	0.8196514784165198	1.212253208079248	1.1234101897465947	0.6265537135884764	0.8004453166815343	0.9144327826646642	0.8368871000886897	0.7147094400429896	0.7328336946705011	1.04950410308149	0.9753323222326634	1.1065253365357612
W	1.2235225769197153	0.9890556949957995	0.5494408909570754	0.615120483638783	1.227829881517077	1.7351841197105413	1.231287073736516	1.1890698119517051	0.6620323364724673	1.1137961108196066	1.0171843139863086	0.8911732454960875	1.935832523252907	0.7572180607647049	0.9054570114687873	0.8560898915232862	0.5715025471578293	0.9753323222326634	0.8498869451483313	1.0259430103379088
Y	0.999239165279225	0.9037616223486258	0.6178121206517794	0.6524286341377701	1.2511359244900333	1.1793811601103492	0.8515579358953117	1.0877197697513745	0.810208887187213	1.0198746647741084	0.8761579908821573	0.7902029089539525	1.9583893635993668	0.7019226459086216	0.8726829540274661	0.8388544459697269	1.0617966177950937	1.106375339879053	1.0259430103379088	1.3216835458217107
